hs1 0 1999999 180.0000
hs1 2000000 3999999 34.0000
hs1 4000000 5999999 2.0000
hs1 6000000 7999999 5.0000
hs1 8000000 9999999 11.0000
hs1 10000000 11999999 1.0000
hs1 12000000 13999999 150.0000
hs1 14000000 15999999 2.0000
hs1 16000000 17999999 169.0000
hs1 18000000 19999999 2.0000
hs1 20000000 21999999 125.0000
hs1 22000000 23999999 3.0000
hs1 24000000 25999999 8.0000
hs1 26000000 27999999 11.0000
hs1 28000000 29999999 9.0000
hs1 30000000 31999999 11.0000
hs1 32000000 33999999 7.0000
hs1 34000000 35999999 1.0000
hs1 36000000 37999999 2.0000
hs1 38000000 39999999 8.0000
hs1 40000000 41999999 6.0000
hs1 44000000 45999999 2.0000
hs1 46000000 47999999 10.0000
hs1 48000000 49999999 1.0000
hs1 50000000 51999999 4.0000
hs1 54000000 55999999 11.0000
hs1 240000000 241999999 35.0000
hs2 8000000 9999999 2.0000
hs2 10000000 11999999 3.0000
hs2 12000000 13999999 4.0000
hs2 16000000 17999999 1.0000
hs2 134000000 135999999 17.0000
hs2 136000000 137999999 2.0000
hs2 138000000 139999999 4.0000
hs2 144000000 145999999 3.0000
hs2 148000000 149999999 1.0000
hs2 152000000 153999999 6.0000
hs2 154000000 155999999 1.0000
hs2 156000000 157999999 4.0000
hs2 158000000 159999999 27.0000
hs2 160000000 161999999 13.0000
hs2 162000000 163999999 4.0000
hs2 170000000 171999999 5.0000
hs2 172000000 173999999 1.0000
hs2 174000000 175999999 14.0000
hs2 234000000 235999999 14.0000
hs2 236000000 237999999 1.0000
hs2 238000000 239999999 9.0000
hs2 240000000 241999999 7.0000
hs2 242000000 243999999 33.0000
hs3 0 1999999 5.0000
hs3 2000000 3999999 3.0000
hs3 6000000 7999999 1.0000
hs3 8000000 9999999 24.0000
hs3 10000000 11999999 27.0000
hs3 12000000 13999999 22.0000
hs3 14000000 15999999 21.0000
hs3 16000000 17999999 1.0000
hs3 18000000 19999999 4.0000
hs3 22000000 23999999 8.0000
hs3 30000000 31999999 2.0000
hs3 32000000 33999999 13.0000
hs3 34000000 35999999 1.0000
hs3 36000000 37999999 2.0000
hs3 38000000 39999999 19.0000
hs3 114000000 115999999 1.0000
hs3 116000000 117999999 2.0000
hs3 120000000 121999999 2.0000
hs3 122000000 123999999 2.0000
hs3 124000000 125999999 9.0000
hs3 126000000 127999999 60.0000
hs3 130000000 131999999 59.0000
hs4 12000000 13999999 1.0000
hs4 14000000 15999999 2.0000
hs4 16000000 17999999 1.0000
hs4 20000000 21999999 1.0000
hs4 22000000 23999999 1.0000
hs4 24000000 25999999 1.0000
hs4 26000000 27999999 2.0000
hs4 30000000 31999999 1.0000
hs4 34000000 35999999 2.0000
hs4 38000000 39999999 2.0000
hs4 40000000 41999999 3.0000
hs4 170000000 171999999 2.0000
hs4 174000000 175999999 1.0000
hs4 176000000 177999999 2.0000
hs4 182000000 183999999 2.0000
hs4 184000000 185999999 1.0000
hs4 186000000 187999999 6.0000
hs4 188000000 189999999 5.0000
hs4 190000000 191999999 37.0000
