hs1 0 1999999 113.0000,20.0000,7.0000,40.0000
hs1 2000000 3999999 34.0000,0.0000,0.0000,0.0000
hs1 4000000 5999999 2.0000,0.0000,0.0000,0.0000
hs1 6000000 7999999 1.0000,4.0000,0.0000,0.0000
hs1 8000000 9999999 2.0000,5.0000,4.0000,0.0000
hs1 10000000 11999999 0.0000,1.0000,0.0000,0.0000
hs1 48000000 49999999 0.0000,0.0000,0.0000,1.0000
hs1 238000000 239999999 6.0000,5.0000,2.0000,3.0000
hs1 240000000 241999999 22.0000,5.0000,2.0000,6.0000
hs1 244000000 245999999 11.0000,2.0000,1.0000,0.0000
hs1 246000000 247999999 19.0000,2.0000,2.0000,3.0000
hs2 0 1999999 3.0000,15.0000,3.0000,3.0000
hs2 2000000 3999999 0.0000,2.0000,0.0000,0.0000
hs2 4000000 5999999 3.0000,2.0000,0.0000,0.0000
hs2 6000000 7999999 2.0000,0.0000,0.0000,0.0000
hs2 8000000 9999999 0.0000,0.0000,1.0000,1.0000
hs2 10000000 11999999 1.0000,0.0000,1.0000,1.0000
hs2 12000000 13999999 2.0000,1.0000,1.0000,0.0000
hs2 16000000 17999999 0.0000,0.0000,1.0000,0.0000
hs2 18000000 19999999 0.0000,2.0000,0.0000,0.0000
hs2 24000000 25999999 2.0000,1.0000,2.0000,0.0000
hs2 28000000 29999999 1.0000,1.0000,0.0000,0.0000
hs2 32000000 33999999 1.0000,2.0000,2.0000,1.0000
hs2 36000000 37999999 1.0000,4.0000,1.0000,0.0000
hs2 38000000 39999999 1.0000,0.0000,0.0000,0.0000
hs2 40000000 41999999 6.0000,2.0000,2.0000,1.0000
hs2 190000000 191999999 3.0000,0.0000,0.0000,0.0000
hs2 194000000 195999999 0.0000,1.0000,0.0000,0.0000
hs2 196000000 197999999 1.0000,2.0000,1.0000,0.0000
hs2 222000000 223999999 0.0000,2.0000,0.0000,2.0000
hs2 228000000 229999999 0.0000,0.0000,2.0000,1.0000
hs2 230000000 231999999 1.0000,2.0000,1.0000,0.0000
hs2 232000000 233999999 1.0000,20.0000,0.0000,0.0000
hs2 234000000 235999999 0.0000,14.0000,0.0000,0.0000
hs2 236000000 237999999 1.0000,0.0000,0.0000,0.0000
hs2 238000000 239999999 3.0000,4.0000,1.0000,1.0000
hs2 240000000 241999999 1.0000,6.0000,0.0000,0.0000
hs2 242000000 243999999 15.0000,9.0000,6.0000,3.0000
hs3 0 1999999 0.0000,0.0000,5.0000,0.0000
hs3 2000000 3999999 0.0000,1.0000,2.0000,0.0000
hs3 6000000 7999999 1.0000,0.0000,0.0000,0.0000
hs3 8000000 9999999 0.0000,6.0000,12.0000,6.0000
hs3 10000000 11999999 4.0000,1.0000,21.0000,1.0000
hs3 12000000 13999999 1.0000,4.0000,15.0000,2.0000
hs3 14000000 15999999 3.0000,4.0000,10.0000,4.0000
hs3 16000000 17999999 1.0000,0.0000,0.0000,0.0000
hs3 154000000 155999999 4.0000,4.0000,4.0000,0.0000
hs3 156000000 157999999 2.0000,0.0000,1.0000,1.0000
hs3 158000000 159999999 0.0000,0.0000,3.0000,0.0000
hs3 160000000 161999999 1.0000,3.0000,0.0000,0.0000
hs3 162000000 163999999 0.0000,0.0000,1.0000,0.0000
hs3 168000000 169999999 0.0000,1.0000,0.0000,0.0000
hs3 170000000 171999999 2.0000,0.0000,1.0000,0.0000
hs3 188000000 189999999 0.0000,0.0000,1.0000,0.0000
hs3 192000000 193999999 1.0000,1.0000,0.0000,0.0000
hs3 194000000 195999999 1.0000,0.0000,0.0000,0.0000
hs3 196000000 197999999 0.0000,7.0000,64.0000,0.0000
hs3 198000000 199999999 21.0000,6.0000,18.0000,12.0000
hs4 0 1999999 5.0000,3.0000,1.0000,19.0000
hs4 2000000 3999999 1.0000,6.0000,16.0000,17.0000
hs4 4000000 5999999 1.0000,13.0000,25.0000,20.0000
hs4 6000000 7999999 0.0000,0.0000,0.0000,2.0000
hs4 8000000 9999999 2.0000,27.0000,49.0000,36.0000
hs4 12000000 13999999 0.0000,0.0000,0.0000,1.0000
hs4 14000000 15999999 0.0000,2.0000,0.0000,0.0000
hs4 16000000 17999999 0.0000,0.0000,0.0000,1.0000
hs4 20000000 21999999 1.0000,0.0000,0.0000,0.0000
hs4 22000000 23999999 1.0000,0.0000,0.0000,0.0000
hs4 24000000 25999999 0.0000,0.0000,0.0000,1.0000
hs4 26000000 27999999 0.0000,0.0000,0.0000,2.0000
hs4 30000000 31999999 0.0000,1.0000,0.0000,0.0000
hs4 34000000 35999999 0.0000,0.0000,0.0000,2.0000
hs4 38000000 39999999 0.0000,1.0000,1.0000,0.0000
hs4 40000000 41999999 2.0000,0.0000,1.0000,0.0000
hs4 48000000 49999999 38.0000,21.0000,4.0000,18.0000
hs4 54000000 55999999 0.0000,0.0000,0.0000,2.0000
hs4 56000000 57999999 1.0000,0.0000,1.0000,0.0000
hs4 62000000 63999999 1.0000,1.0000,0.0000,0.0000
hs4 66000000 67999999 0.0000,0.0000,0.0000,1.0000
hs4 68000000 69999999 1.0000,2.0000,0.0000,57.0000
hs4 70000000 71999999 0.0000,2.0000,0.0000,54.0000
hs4 72000000 73999999 1.0000,2.0000,2.0000,3.0000
hs4 74000000 75999999 5.0000,4.0000,3.0000,3.0000
hs4 76000000 77999999 0.0000,0.0000,0.0000,2.0000
hs4 78000000 79999999 5.0000,4.0000,5.0000,4.0000
hs4 164000000 165999999 10.0000,3.0000,2.0000,1.0000
hs4 166000000 167999999 0.0000,2.0000,0.0000,4.0000
hs4 168000000 169999999 1.0000,0.0000,0.0000,0.0000
hs4 170000000 171999999 0.0000,0.0000,0.0000,2.0000
hs4 174000000 175999999 1.0000,0.0000,0.0000,0.0000
hs4 176000000 177999999 0.0000,0.0000,0.0000,2.0000
hs4 182000000 183999999 0.0000,0.0000,0.0000,2.0000
hs4 184000000 185999999 0.0000,0.0000,1.0000,0.0000
hs4 186000000 187999999 0.0000,0.0000,0.0000,6.0000
hs4 188000000 189999999 0.0000,0.0000,1.0000,4.0000
hs4 190000000 191999999 5.0000,4.0000,13.0000,15.0000
